c 153
1246
329
265
2465
2
3
1568
6
134
2596
198
1637
1171
7
1639
133
1315
3324
200
1857
395
331
396
398
1458
462
464
593
529
1566
1172
1603
1237
1239
1352
1240
2963
1242
2599
2466
1245
1567
1249
1347
1348
1349
1852
1350
1351
1353
1386
1531
1563
1819
1564
2456
1565
2452
1569
1635
1636
1638
1640
1890
1641
1674
1746
1851
1853
1854
1855
2069
1856
1963
1995
3032
1996
1997
1998
1999
2000
2001
2035
2067
2068
2070
2071
2072
2073
2106
2178
2180
2309
2311
2312
2315
2316
2318
2321
2323
2387
2455
2459
2460
2462
2468
2600
2603
2604
2606
2609
2611
2675
2741
2743
2744
2747
2748
2750
2753
2754
2756
2884
2887
2888
2891
2892
2894
2897
2899
3029
3031
3035
3036
3038
3041
3187
3042
3044
3173
3175
3176
3179
3180
3182
3185
3251
3316
3319
3320
3323
3326
3329
